278076820
278076830
278076840
278076850
278076860
278076870
278076880
278076890
278076900
278076910
278076920
278076930
278076940
278076950
278076960
278076970
278076980
278076990
278077000
278077010
278077020
278077030
278077040
278077050
278077060
278077070
278077080
278077090
278077100
278077110
278077120
278077130
278077140
278077150
278077160
278077170
278077180
278077190
278077200
278077210
278077220
278077230
278077191
278077240
278077250
278077260
278077270
278077280
278077290
278077300
278077310
278077320
278077330
278077340
278077350
278077360
278077370
278077380
278077390
278077400
278077410
278077420
278077430
278077440
278077450
278077460
278077470
278077480
278077490
278077500
278077510
278077520
278077530
278077540
278077550
278077560
278077570
278077580
278077590
278077600